1,39.40,17.80,4.27,0.00,0.00,16,20190128125644
1,38.70,17.90,4.25,0.00,0.00,16,20190128125704
1,38.10,18.20,4.27,0.00,0.00,16,20190128125721
1,37.50,18.80,4.23,0.00,0.00,16,20190128125738
1,37.00,18.80,4.23,0.00,0.00,16,20190128125756
1,36.40,19.40,4.27,0.00,0.00,16,20190128125813
1,35.70,19.90,4.24,0.00,0.00,16,20190128125833
1,35.10,20.90,4.27,0.00,0.00,16,20190128125851
1,34.60,21.50,4.25,0.00,0.00,16,20190128125909
1,34.10,22.10,4.27,0.00,0.00,16,20190128125927
1,33.60,22.30,4.23,0.00,0.00,16,20190128125944
1,33.20,23.00,4.23,0.00,0.00,16,20190128130002
1,29.10,28.30,4.26,0.00,0.00,16,20190128130335
1,28.90,27.90,4.24,0.00,0.00,16,20190128130352
1,28.50,30.90,4.24,0.00,0.00,16,20190128130421
1,28.30,30.60,4.27,0.00,0.00,16,20190128130441
1,28.00,33.60,4.23,0.00,0.00,16,20190128130508
1,27.80,31.60,4.27,0.00,0.00,16,20190128130528
1,27.60,31.10,4.24,0.00,0.00,16,20190128130547
1,27.40,30.20,4.27,0.00,0.00,16,20190128130613
1,27.30,30.50,4.26,0.00,0.00,16,20190128130631
1,27.10,30.60,4.25,0.00,0.00,16,20190128130650
1,27.00,30.90,4.25,0.00,0.00,16,20190128130709
1,26.90,30.90,4.24,0.00,0.00,16,20190128130730
1,25.20,38.00,4.25,0.00,0.00,16,20190128131349
1,25.20,38.20,4.25,0.00,0.00,16,20190128131406
1,25.10,37.00,4.23,0.00,0.00,16,20190128131423
1,25.10,36.60,4.27,0.00,0.00,16,20190128131440
1,25.10,36.80,4.24,0.00,0.00,16,20190128131457
1,25.00,36.80,4.23,0.00,0.00,16,20190128131513
1,25.00,36.90,4.26,0.00,0.00,16,20190128131535
1,24.90,36.50,4.27,0.00,0.00,16,20190128131602
1,24.80,37.80,4.28,0.00,0.00,16,20190128131634
1,24.80,37.70,4.27,0.00,0.00,16,20190128131651
1,24.80,37.30,4.24,0.00,0.00,16,20190128131708
1,24.80,37.00,4.24,0.00,0.00,16,20190128131725
1,24.60,39.60,4.20,0.00,0.00,16,20190128132309
1,24.60,38.70,4.26,0.00,0.00,16,20190128132853
1,24.80,38.20,4.23,0.00,0.00,16,20190128133436
1,24.90,38.00,4.21,0.00,0.00,16,20190128134020
1,24.90,38.80,4.27,0.00,0.00,16,20190128134542
1,24.90,40.10,4.27,0.00,0.00,16,20190128134600
1,24.90,41.90,4.24,0.00,0.00,16,20190128134617
1,25.00,41.20,4.25,0.00,0.00,16,20190128134634
1,25.00,40.80,4.25,0.00,0.00,16,20190128134652
1,25.00,40.60,4.23,0.00,0.00,16,20190128134709
1,25.00,41.00,4.26,0.00,0.00,16,20190128134726
1,25.00,41.00,4.24,0.00,0.00,16,20190128134744
1,25.60,83.00,4.39,0.00,0.00,16,20190128135149
1,27.50,78.80,4.25,0.00,0.00,16,20190128135316
1,28.00,56.80,4.25,0.00,0.00,16,20190128135400
1,29.50,67.90,4.26,0.00,0.00,16,20190128135552
1,29.60,47.30,4.25,0.00,0.00,16,20190128135621
1,29.80,57.50,4.25,0.00,0.00,16,20190128135649
1,30.20,68.70,4.26,0.00,0.00,16,20190128135733
1,31.20,67.30,4.25,0.00,0.00,16,20190128135857
1,31.30,66.70,4.37,0.00,0.00,16,20190128135909
1,31.80,65.50,4.32,0.00,0.00,16,20190128135941
1,33.80,60.40,4.32,0.00,0.00,16,20190128140110
1,34.30,57.80,4.36,0.00,0.00,16,20190128140128
1,44.10,37.40,4.28,0.00,0.00,16,20190128140910
1,49.10,20.40,4.28,0.00,0.00,16,20190128142143
1,48.50,17.70,4.30,0.00,0.00,16,20190128142211
1,47.40,15.70,4.31,0.00,0.00,16,20190128142252
1,46.50,15.50,4.28,0.00,0.00,16,20190128142321
1,45.30,16.10,4.28,0.00,0.00,16,20190128142355
1,44.50,16.50,4.30,0.00,0.00,16,20190128142414
1,43.70,17.70,4.28,0.00,0.00,16,20190128142433
1,42.90,18.60,4.27,0.00,0.00,16,20190128142454
1,42.20,18.20,4.31,0.00,0.00,16,20190128142511
1,41.40,19.30,4.29,0.00,0.00,16,20190128142529
1,40.30,19.80,4.31,0.00,0.00,16,20190128142557
1,33.50,26.60,4.29,0.00,0.00,16,20190128143154
1,33.00,28.10,4.29,0.00,0.00,16,20190128143237
1,32.80,28.40,4.30,0.00,0.00,16,20190128143256
1,32.70,29.50,4.27,0.00,0.00,16,20190128143316
1,32.40,29.30,4.30,0.00,0.00,16,20190128143349
1,32.20,37.60,4.32,0.00,0.00,16,20190128143422
1,32.10,62.80,4.27,0.00,0.00,16,20190128143452
1,32.20,62.10,4.34,0.00,0.00,16,20190128143540
1,32.40,61.50,4.35,0.00,0.00,16,20190128143603
1,33.00,61.30,4.34,0.00,0.00,16,20190128143705
1,34.20,49.80,4.31,0.00,0.00,16,20190128144019
1,33.30,37.20,4.29,0.00,0.00,16,20190128144243
1,30.40,30.90,4.29,0.00,0.00,16,20190128144800
1,30.20,32.10,4.28,0.00,0.00,16,20190128144826
1,30.00,32.30,4.32,0.00,0.00,16,20190128144850
1,29.90,33.00,4.29,0.00,0.00,16,20190128144909
1,29.70,51.00,4.31,0.00,0.00,16,20190128144948
1,38.60,28.20,4.31,0.00,0.00,16,20190128145757
1,38.60,25.50,4.30,0.00,0.00,16,20190128145827
1,38.50,25.80,4.32,0.00,0.00,16,20190128145845
1,38.40,25.70,4.31,0.00,0.00,16,20190128145903
1,38.10,23.50,4.28,0.00,0.00,16,20190128145935
1,37.90,23.40,4.31,0.00,0.00,16,20190128145952
1,37.60,24.30,4.29,0.00,0.00,16,20190128150023
1,31.60,26.00,4.30,0.00,0.00,16,20190128150736
1,28.40,30.20,4.24,0.00,0.00,16,20190128151322
1,0.00,0.00,4.99,0.00,0.00,17,20190128151906
1,0.00,0.00,4.99,0.00,0.00,17,20190128152448
1,23.90,45.10,0.00,0.00,0.00,16,20190128152727
1,23.80,44.70,0.00,0.00,0.00,16,20190128152927
1,0.00,0.00,4.99,0.00,0.00,17,20190128153030
1,23.80,45.60,0.00,0.00,0.00,16,20190128153545
1,0.00,0.00,4.99,0.00,0.00,17,20190128153613
1,0.00,0.00,4.99,0.00,0.00,17,20190128154156
1,0.00,0.00,4.99,0.00,0.00,17,20190128154738
